Time
0.031
0.040
0.052
0.062
0.070
0.081
0.091
0.100
0.107
0.111
0.116
0.120
0.125
0.130
0.136
0.140
0.146
0.149
0.152
0.155
0.158
0.161
0.166
0.170
0.174
0.178
0.183
0.186
0.191
0.197
0.201
0.209
0.214
0.220
0.225
0.229
0.234
0.239
0.246
0.250
0.258
0.265
0.271
0.276
0.282
0.295
0.303
0.310
0.318
0.324
0.330
0.333
0.336
0.341
0.345
0.353
0.361
0.365
0.373
0.379
0.382
0.390
0.404
0.413
0.417
0.424
0.430
0.435
0.441
0.446
0.454
0.459
0.465
0.474
0.479
0.484
0.496
0.505
0.511
0.522
0.531
0.540
0.548
0.555
0.557
0.569
0.572
0.579
0.588
0.598
0.604
0.608
0.615
0.624
0.631
0.636
0.643
0.655
0.663
0.672
0.684
0.695
0.710
0.715
0.720
0.729
0.740
0.746
0.754
0.764
0.765
0.778
0.781
0.788
0.794
0.802
0.807
0.814
0.822
0.830
0.842
0.855
0.860
0.874
0.882
0.892
0.898
0.907
0.911
0.914
0.919
0.926
0.948
0.954
0.959
0.964
0.977
0.985
0.993
0.996
1.001