Time
0.007700
0.024530
0.041220
0.054250
0.070190
0.084790
0.100680
0.115350
0.125980
0.139700
0.154760
0.167100
0.185440
0.198820
0.213430
0.228160
0.240340
0.259090
0.273610
0.288330
0.304140
0.317520
0.332090
0.347100
0.362170
0.377320
0.389860
0.402890
0.416960
0.431970
0.447110
0.464220
0.480300
0.492480
0.507470
0.523940
0.537600
0.552220
0.564460
0.580100
0.596050
0.610850
0.626320
0.640750
0.654880
0.671210
0.685780
0.701790
0.717540
0.733020
0.746620
0.758610
