Time
0.008590
0.026350
0.050790
0.064430
0.086810
0.107050
0.127730
0.147070
0.166510
0.186410
0.206290
0.225630
0.253250
0.268530
0.285730
0.307530
0.328390
0.342510
0.352850
0.367210
0.381530
0.408430
0.426750
0.439670
0.461770
0.481790
0.501010
0.519470
0.541990
0.561690
0.575690
0.598110
0.618370
0.636830
0.659690
0.679170
0.697430
0.723790
0.747350
0.763690
0.785090
0.799990
0.824090
0.844630
0.867730
0.889190
0.909650
0.928370
0.968430
0.989410
